{
    "width": 160,
    "height": 90,
    "format": 5,
    "timestamp": 1096946.873597841,
    "centerPixelDepth": 0.42500001192092898,
    "minDepth": 0.42399999499320986,
    "maxDepth": 0.4259999990463257
}