{
    "width": 160,
    "height": 90,
    "format": 5,
    "timestamp": 130043.51440302501,
    "centerPixelDepth": 0.328000009059906,
    "minDepth": 0.3269999921321869,
    "maxDepth": 0.32899999618530276
}